,Unnamed: 0,Algorithm,Metric,Precision,Recall,f1 Score,Accuracy(Training),Accuracy(Test),Training Time,Testing Time (Train),TestingTime
0,14.5,NB,Mean,0.3805792920083596,0.2706447946164596,0.15768469641528482,0.2707242335546509,0.2706447946164596,1.3692155440648397,2.688727871576945,1.166937247912089
0,8.65544144839919,NB,Std,0.051079538202907025,0.05339802024028387,0.031568294130083704,0.0534087570949439,0.05339802024028387,0.02299997902231739,0.0319746589997726,0.026370755270000153
0,14.5,LR,Mean,0.4874348784889388,0.49149703733309896,0.47575406690035144,0.4916683269540502,0.49149703733309896,2159.6962999661764,0.3955964247385661,0.17260634899139404
0,8.65544144839919,LR,Std,0.004064392069146068,0.0038786843799088907,0.004522439800509029,0.0037919440576791,0.0038786843799088907,189.4604793594863,0.02090810985328101,0.013139051812866532
0,14.5,KNN,Mean,0.7341626158399118,0.7334267818284724,0.7334128422139276,0.9990965336978945,0.7334267818284724,0.17454705238342283,3248.5711256106692,1410.6508227825166
0,8.65544144839919,KNN,Std,0.0003832547681631408,0.00038340772388969975,0.00038486696869830466,1.2302221186704211e-05,0.00038340772388969975,0.014045379980484437,27.910783352896427,13.307440848533293
0,14.5,DT,Mean,0.9140725859494315,0.9141186912423295,0.9140007425657084,0.9507708727820315,0.9141186912423295,35.744970099131265,0.770119325319926,0.33468159834543865
0,8.65544144839919,DT,Std,0.0005492738506031434,0.0005441477378690051,0.0005461292846930079,0.0006108824347922658,0.0005441477378690051,0.3731199104231586,0.01565883694432914,0.015019728725776772
0,14.5,RF,Mean,0.9353413075423425,0.935172161608259,0.9352347871763157,0.9992570146467045,0.935172161608259,5068.7833355585735,721.3173862377803,305.94356219768525
0,8.65544144839919,RF,Std,0.0002186348499358953,0.0002226684395587924,0.0002212779299940958,1.0555967571371736e-05,0.0002226684395587924,82.35157047795703,23.92612374855608,10.981860731737259
0,14.5,XGB,Mean,0.9614939496514954,0.961486558629246,0.961487722201415,0.9992566231968335,0.961486558629246,11891.005596439043,88.97159501711528,38.525480604171754
0,8.65544144839919,XGB,Std,0.0001819395476607586,0.00018278072177239764,0.00018244974165853968,1.0678625753593409e-05,0.00018278072177239764,269.970595987959,12.95331097220978,5.626532367580475
